2
16202
1
3
2634
1
5
24272
2
7
20055
3
11
20328
5
13
22646
8
17
26362
13
19
4886
21
23
18875
34
29
28433
55
31
29869
89
37
20142
144
41
23844
233
43
1416
377
47
21881
610
53
31998
987
59
10322
1597
61
18651
2584
67
10021
4181
71
5699
6765
73
3557
10946
79
28476
17711
83
27892
28657
89
24389
46368
97
5075
75025
101
10712
103
2600
107
2510
109
21003
113
26869
127
17861
131
14688
137
13401
139
9789
149
15255
151
16423
157
5002
163
10585
167
24182
173
10285
179
27088
181
31426
191
28617
193
23757
197
9832
199
30932
211
4169
223
2154
227
25721
229
17189
233
19976
239
31329
241
2368
251
28692
257
21425
263
10555
269
3434
271
16549
277
7441
281
9512
283
30145
293
18060
307
21718
311
3753
313
16139
317
12423
331
16279
337
25996
347
16687
349
12529
353
22549
359
17437
367
19866
373
12949
379
193
383
23195
389
3297
397
20416
401
28286
409
16105
419
24488
421
16282
431
12455
433
25734
439
18114
443
11701
449
31316
457
20671
461
5786
463
12263
467
4313
479
24355
487
31185
491
20053
499
912
503
10808
509
1832
521
20945
523
4313
541
27756
547
28321
557
19558
563
23646
569
27982
571
481
577
4144
587
23196
593
20222
599
7129
601
2161
607
5535
613
20450
617
11173
619
10466
631
12044
641
21659
643
26292
647
26439
653
17253
659
20024
661
26154
673
29510
677
4745
683
20649
691
13186
701
8313
709
4474
719
28022
727
2168
733
14018
739
18787
743
9905
751
17958
757
7391
761
10202
769
3625
773
26477
787
4414
797
9314
809
25824
811
29334
821
25874
823
24372
827
20159
829
11833
839
28070
853
7487
857
28297
859
7518
863
8177
877
17773
881
32270
883
1763
887
2668
907
17192
911
13985
919
3102
929
8480
937
29213
941
7627
947
4802
953
4099
967
30527
971
2625
977
1543
983
1924
991
11023
997
29972
1009
13061
1013
14181
1019
31003
1021
27432
1031
17505
1033
27593
1039
22725
1049
13031
1051
8492
1061
142
1063
17222
1069
31286
1087
13064
1091
7900
1093
19187
1097
8360
1103
22413
1109
30974
1117
14270
1123
29170
1129
235
1151
30833
1153
19711
1163
25760
1171
18896
1181
4667
1187
7285
1193
12550
1201
140
1213
13694
1217
2695
1223
21624
1229
28019
1231
2125
1237
26576
1249
21694
1259
22658
1277
26302
1279
17371
1283
22466
1289
4678
1291
22593
1297
23851
1301
25484
1303
1018
1307
28464
1319
21119
1321
23152
1327
2800
1361
18087
1367
31060
1373
1926
1381
9010
1399
4757
1409
32170
1423
20315
1427
9576
1429
30227
1433
12043
1439
22758
1447
7164
1451
5109
1453
7882
1459
17086
1471
29565
1481
3487
1483
29577
1487
14474
1489
2625
1493
25627
1499
5629
1511
31928
1523
25423
1531
28520
1543
6902
1549
14962
1553
123
1559
24596
1567
3737
1571
13261
1579
10195
1583
32525
1597
1264
1601
8260
1607
6202
1609
8116
1613
5030
1619
20326
1621
29011
1627
30771
1637
6411
1657
25547
1663
21153
1667
21520
1669
29790
1693
14924
1697
30188
1699
21763
1709
4940
1721
20851
1723
18662
1733
13829
1741
30900
1747
17713
1753
18958
1759
17578
1777
8365
1783
13007
1787
11477
1789
1200
1801
26058
1811
6439
1823
2303
1831
12760
1847
19357
1861
2324
1867
6477
1871
5108
1873
21113
1877
14887
1879
19801
1889
22850
1901
14460
1907
22428
1913
12993
1931
27384
1933
19405
1949
6540
1951
31111
1973
28704
1979
12835
1987
32356
1993
6072
1997
29350
1999
18823
2003
14485
2011
20556
2017
23216
2027
1626
2029
9357
2039
8526
2053
13357
2063
29337
2069
23271
2081
23869
2083
29361
2087
12896
2089
13022
2099
29617
2111
10112
2113
12717
2129
18696
2131
11585
2137
24041
2141
24423
2143
24129
2153
24229
2161
4565
2179
6559
2203
8932
2207
22296
2213
29855
2221
12053
2237
16962
2239
3584
2243
29734
2251
6654
2267
16972
2269
21457
2273
14369
2281
22532
2287
2963
2293
2607
2297
2483
2309
911
2311
11635
2333
10067
2339
22848
2341
4675
2347
12938
2351
2223
2357
22142
2371
23754
2377
6511
2381
22741
2383
20175
2389
21459
2393
17825
2399
3221
2411
17870
2417
1626
2423
31934
2437
15205
2441
31783
2447
23850
2459
17398
2467
22279
2473
22701
2477
12193
2503
12734
2521
1637
2531
26534
2539
5556
2543
1993
2549
10176
2551
25705
2557
6962
2579
10548
2591
15881
2593
300
2609
14413
2617
16641
2621
19855
2633
24855
2647
13142
2657
11462
2659
27611
2663
30877
2671
20424
2677
32678
2683
1752
2687
18443
2689
28296
2693
12673
2699
10040
2707
9313
2711
875
2713
20072
2719
12818
2729
610
2731
1017
2741
14932
2749
28112
2753
30695
2767
13169
2777
23831
2789
20040
2791
26488
2797
28685
2801
19090
2803
19497
2819
2589
2833
25990
2837
15145
2843
19353
2851
19314
2857
18651
2861
26740
2879
22044
2887
11258
2897
335
2903
8759
2909
11192
2917
7605
2927
25264
2939
12181
2953
28503
2957
3829
2963
23775
2969
20608
2971
29292
2999
5997
3001
17549
3011
29556
3019
25561
3023
31627
3037
6467
3041
29541
3049
26129
3061
31240
3067
27813
3079
29174
3083
20601
3089
6077
3109
20215
3119
8683
3121
8213
3137
23992
3163
25824
3167
5601
3169
23392
3181
15759
3187
2670
3191
26428
3203
28027
3209
4084
3217
10075
3221
18786
3229
15498
3251
24970
3253
6287
3257
23847
3259
32604
3271
503
3299
21221
3301
22663
3307
5706
3313
2363
3319
9010
3323
22171
3329
27489
3331
18240
3343
12164
3347
25542
3359
7619
3361
20913
3371
7591
3373
6704
3389
31818
3391
9232
3407
750
3413
25205
3433
4975
3449
1539
3457
303
3461
11422
3463
21098
3467
11247
3469
13584
3491